780 46760 4380 47320 1 2
780 46760 4380 47320 2 2
760 46760 4400 47320 0 2
760 46760 4400 47320 1 2
1470 45580 1970 53540 0 2
1470 45580 1970 53540 1 2
1640 45920 5240 46480 1 2
1640 45920 5240 46480 2 2
1620 45920 5260 46480 0 2
1620 45920 5260 46480 1 2
1640 58520 5240 59080 1 2
1640 58520 5240 59080 2 2
1620 58520 5260 59080 0 2
1620 58520 5260 59080 1 2
2330 45580 2830 53540 0 2
2330 45580 2830 53540 1 2
2330 53140 2830 56060 0 2
2330 53140 2830 56060 1 2
2330 57340 2830 60260 0 2
2330 57340 2830 60260 1 2
3190 45580 3690 53540 0 2
3190 45580 3690 53540 1 2
3700 45920 6620 46480 1 2
3700 45920 6620 46480 2 2
3680 45920 6640 46480 0 2
3680 45920 6640 46480 1 2
5080 45920 8680 46480 1 2
5080 45920 8680 46480 2 2
5060 45920 8700 46480 0 2
5060 45920 8700 46480 1 2
5080 58520 8680 59080 1 2
5080 58520 8680 59080 2 2
5060 58520 8700 59080 0 2
5060 58520 8700 59080 1 2
5940 46760 9540 47320 1 2
5940 46760 9540 47320 2 2
5920 46760 9560 47320 0 2
5920 46760 9560 47320 1 2
6630 45580 7130 53540 0 2
6630 45580 7130 53540 1 2
7490 45580 7990 53540 0 2
7490 45580 7990 53540 1 2
7490 53140 7990 56060 0 2
7490 53140 7990 56060 1 2
7490 57340 7990 60260 0 2
7490 57340 7990 60260 1 2
8350 45580 8850 53540 0 2
8350 45580 8850 53540 1 2
