1000 960 2440 2400 0 2
1000 16080 2440 17520 0 2
1000 42960 2440 44400 0 2
1000 46320 2440 47760 0 2
1860 120 3300 1560 0 2
1860 8520 3300 9960 0 2
1860 12720 3300 14160 0 2
1860 15240 3300 16680 0 2
1860 23640 3300 25080 0 2
1860 27840 3300 29280 0 2
1860 31200 3300 32640 0 2
1860 35400 3300 36840 0 2
1860 43800 3300 45240 0 2
1860 45480 3300 46920 0 2
1860 53880 3300 55320 0 2
1860 58080 3300 59520 0 2
2720 960 4160 2400 0 2
2720 16080 4160 17520 0 2
2720 42960 4160 44400 0 2
2720 46320 4160 47760 0 2
3580 31200 5020 32640 0 2
3580 56400 5020 57840 0 2
3580 57240 5020 58680 0 2
3580 58080 5020 59520 0 2
4440 8520 5880 9960 0 2
4440 15240 5880 16680 0 2
4440 43800 5880 45240 0 2
5300 31200 6740 32640 0 2
5300 57240 6740 58680 0 2
6160 960 7600 2400 0 2
6160 16080 7600 17520 0 2
6160 42960 7600 44400 0 2
6160 46320 7600 47760 0 2
7020 120 8460 1560 0 2
7020 8520 8460 9960 0 2
7020 12720 8460 14160 0 2
7020 15240 8460 16680 0 2
7020 23640 8460 25080 0 2
7020 27840 8460 29280 0 2
7020 31200 8460 32640 0 2
7020 35400 8460 36840 0 2
7020 43800 8460 45240 0 2
7020 45480 8460 46920 0 2
7020 53880 8460 55320 0 2
7020 58080 8460 59520 0 2
7880 960 9320 2400 0 2
7880 16080 9320 17520 0 2
7880 42960 9320 44400 0 2
7880 46320 9320 47760 0 2
1940 43040 3220 44320 1 2
1940 46400 3220 47680 1 2
2800 1040 4080 2320 1 2
2800 12800 4080 14080 1 2
2800 16160 4080 17440 1 2
2800 27920 4080 29200 1 2
2800 31280 4080 32560 1 2
3660 35480 4940 36760 1 2
3660 53960 4940 55240 1 2
4520 23720 5800 25000 1 2
4520 45560 5800 46840 1 2
5380 56480 6660 57760 1 2
5380 58160 6660 59440 1 2
6240 1040 7520 2320 1 2
6240 12800 7520 14080 1 2
6240 16160 7520 17440 1 2
6240 27920 7520 29200 1 2
6240 31280 7520 32560 1 2
