780 1400 4380 1960 1 2
780 1400 4380 1960 2 2
760 1400 4400 1960 0 2
760 1400 4400 1960 1 2
780 16520 4380 17080 1 2
780 16520 4380 17080 2 2
760 16520 4400 17080 0 2
760 16520 4400 17080 1 2
780 43400 4380 43960 1 2
780 43400 4380 43960 2 2
760 43400 4400 43960 0 2
760 43400 4400 43960 1 2
780 46760 4380 47320 1 2
780 46760 4380 47320 2 2
760 46760 4400 47320 0 2
760 46760 4400 47320 1 2
1470 220 1970 8180 0 2
1470 220 1970 8180 1 2
1470 15340 1970 23300 0 2
1470 15340 1970 23300 1 2
1470 37180 1970 45140 0 2
1470 37180 1970 45140 1 2
1470 45580 1970 53540 0 2
1470 45580 1970 53540 1 2
1640 560 5240 1120 1 2
1640 560 5240 1120 2 2
1620 560 5260 1120 0 2
1620 560 5260 1120 1 2
1640 8960 5240 9520 1 2
1640 8960 5240 9520 2 2
1620 8960 5260 9520 0 2
1620 8960 5260 9520 1 2
1640 13160 5240 13720 1 2
1640 13160 5240 13720 2 2
1620 13160 5260 13720 0 2
1620 13160 5260 13720 1 2
1640 15680 5240 16240 1 2
1640 15680 5240 16240 2 2
1620 15680 5260 16240 0 2
1620 15680 5260 16240 1 2
1640 24080 5240 24640 1 2
1640 24080 5240 24640 2 2
1620 24080 5260 24640 0 2
1620 24080 5260 24640 1 2
1640 28280 5240 28840 1 2
1640 28280 5240 28840 2 2
1620 28280 5260 28840 0 2
1620 28280 5260 28840 1 2
1640 31640 5240 32200 1 2
1640 31640 5240 32200 2 2
1620 31640 5260 32200 0 2
1620 31640 5260 32200 1 2
1640 35840 5240 36400 1 2
1640 35840 5240 36400 2 2
1620 35840 5260 36400 0 2
1620 35840 5260 36400 1 2
1640 44240 5240 44800 1 2
1640 44240 5240 44800 2 2
1620 44240 5260 44800 0 2
1620 44240 5260 44800 1 2
1640 45920 5240 46480 1 2
1640 45920 5240 46480 2 2
1620 45920 5260 46480 0 2
1620 45920 5260 46480 1 2
1640 54320 5240 54880 1 2
1640 54320 5240 54880 2 2
1620 54320 5260 54880 0 2
1620 54320 5260 54880 1 2
1640 58520 5240 59080 1 2
1640 58520 5240 59080 2 2
1620 58520 5260 59080 0 2
1620 58520 5260 59080 1 2
1660 43400 3500 43960 1 2
1660 43400 3500 43960 2 2
1640 43400 3520 43960 0 2
1640 43400 3520 43960 1 2
1660 46760 3500 47320 1 2
1660 46760 3500 47320 2 2
1640 46760 3520 47320 0 2
1640 46760 3520 47320 1 2
2300 42710 2860 44650 2 2
2300 42710 2860 44650 3 2
2300 42760 2860 44600 1 2
2300 42760 2860 44600 2 2
2300 43030 2860 47690 2 2
2300 43030 2860 47690 3 2
2300 43080 2860 47640 1 2
2300 43080 2860 47640 2 2
2300 46070 2860 48010 2 2
2300 46070 2860 48010 3 2
2300 46120 2860 47960 1 2
2300 46120 2860 47960 2 2
2330 220 2830 8180 0 2
2330 220 2830 8180 1 2
2330 7780 2830 10700 0 2
2330 7780 2830 10700 1 2
2330 11980 2830 14900 0 2
2330 11980 2830 14900 1 2
2330 15340 2830 23300 0 2
2330 15340 2830 23300 1 2
2330 22900 2830 25820 0 2
2330 22900 2830 25820 1 2
2330 27100 2830 30020 0 2
2330 27100 2830 30020 1 2
2330 30460 2830 33380 0 2
2330 30460 2830 33380 1 2
2330 34660 2830 37580 0 2
2330 34660 2830 37580 1 2
2330 37180 2830 45140 0 2
2330 37180 2830 45140 1 2
2330 45580 2830 53540 0 2
2330 45580 2830 53540 1 2
2330 53140 2830 56060 0 2
2330 53140 2830 56060 1 2
2330 57340 2830 60260 0 2
2330 57340 2830 60260 1 2
2520 1400 4360 1960 1 2
2520 1400 4360 1960 2 2
2500 1400 4380 1960 0 2
2500 1400 4380 1960 1 2
2520 13160 4360 13720 1 2
2520 13160 4360 13720 2 2
2500 13160 4380 13720 0 2
2500 13160 4380 13720 1 2
2520 16520 4360 17080 1 2
2520 16520 4360 17080 2 2
2500 16520 4380 17080 0 2
2500 16520 4380 17080 1 2
2520 28280 4360 28840 1 2
2520 28280 4360 28840 2 2
2500 28280 4380 28840 0 2
2500 28280 4380 28840 1 2
2520 31640 4360 32200 1 2
2520 31640 4360 32200 2 2
2500 31640 4380 32200 0 2
2500 31640 4380 32200 1 2
3160 710 3720 2650 2 2
3160 710 3720 2650 3 2
3160 760 3720 2600 1 2
3160 760 3720 2600 2 2
3160 1030 3720 14090 2 2
3160 1030 3720 14090 3 2
3160 1080 3720 14040 1 2
3160 1080 3720 14040 2 2
3160 12470 3720 14410 2 2
3160 12470 3720 14410 3 2
3160 12520 3720 14360 1 2
3160 12520 3720 14360 2 2
3160 12790 3720 17450 2 2
3160 12790 3720 17450 3 2
3160 12840 3720 17400 1 2
3160 12840 3720 17400 2 2
3160 15830 3720 17770 2 2
3160 15830 3720 17770 3 2
3160 15880 3720 17720 1 2
3160 15880 3720 17720 2 2
3160 16150 3720 29210 2 2
3160 16150 3720 29210 3 2
3160 16200 3720 29160 1 2
3160 16200 3720 29160 2 2
3160 27590 3720 29530 2 2
3160 27590 3720 29530 3 2
3160 27640 3720 29480 1 2
3160 27640 3720 29480 2 2
3160 27910 3720 32570 2 2
3160 27910 3720 32570 3 2
3160 27960 3720 32520 1 2
3160 27960 3720 32520 2 2
3160 30950 3720 32890 2 2
3160 30950 3720 32890 3 2
3160 31000 3720 32840 1 2
3160 31000 3720 32840 2 2
3190 220 3690 8180 0 2
3190 220 3690 8180 1 2
3190 15340 3690 23300 0 2
3190 15340 3690 23300 1 2
3190 37180 3690 45140 0 2
3190 37180 3690 45140 1 2
3190 45580 3690 53540 0 2
3190 45580 3690 53540 1 2
3360 31640 5240 32200 1 2
3360 31640 5240 32200 2 2
3340 31640 5260 32200 0 2
3340 31640 5260 32200 1 2
3360 56840 5240 57400 1 2
3360 56840 5240 57400 2 2
3340 56840 5260 57400 0 2
3340 56840 5260 57400 1 2
3360 57680 5240 58240 1 2
3360 57680 5240 58240 2 2
3340 57680 5260 58240 0 2
3340 57680 5260 58240 1 2
3360 58520 5240 59080 1 2
3360 58520 5240 59080 2 2
3340 58520 5260 59080 0 2
3340 58520 5260 59080 1 2
3380 31640 5220 32200 1 2
3380 31640 5220 32200 2 2
3360 31640 5240 32200 0 2
3360 31640 5240 32200 1 2
3380 35840 5220 36400 1 2
3380 35840 5220 36400 2 2
3360 35840 5240 36400 0 2
3360 35840 5240 36400 1 2
3380 54320 5220 54880 1 2
3380 54320 5220 54880 2 2
3360 54320 5240 54880 0 2
3360 54320 5240 54880 1 2
3380 58520 5220 59080 1 2
3380 58520 5220 59080 2 2
3360 58520 5240 59080 0 2
3360 58520 5240 59080 1 2
4020 35150 4580 37090 2 2
4020 35150 4580 37090 3 2
4020 35200 4580 37040 1 2
4020 35200 4580 37040 2 2
4020 35470 4580 55250 2 2
4020 35470 4580 55250 3 2
4020 35520 4580 55200 1 2
4020 35520 4580 55200 2 2
4020 53630 4580 55570 2 2
4020 53630 4580 55570 3 2
4020 53680 4580 55520 1 2
4020 53680 4580 55520 2 2
4050 31300 4550 32540 0 2
4050 31300 4550 32540 1 2
4050 31470 4550 57570 0 2
4050 31470 4550 57570 1 2
4050 56500 4550 57740 0 2
4050 56500 4550 57740 1 2
4050 57340 4550 58580 0 2
4050 57340 4550 58580 1 2
4050 57510 4550 59250 0 2
4050 57510 4550 59250 1 2
4050 58180 4550 59420 0 2
4050 58180 4550 59420 1 2
3700 560 6620 1120 1 2
3700 560 6620 1120 2 2
3680 560 6640 1120 0 2
3680 560 6640 1120 1 2
3700 8960 6620 9520 1 2
3700 8960 6620 9520 2 2
3680 8960 6640 9520 0 2
3680 8960 6640 9520 1 2
3700 15680 6620 16240 1 2
3700 15680 6620 16240 2 2
3680 15680 6640 16240 0 2
3680 15680 6640 16240 1 2
3700 24080 6620 24640 1 2
3700 24080 6620 24640 2 2
3680 24080 6640 24640 0 2
3680 24080 6640 24640 1 2
3700 35840 6620 36400 1 2
3700 35840 6620 36400 2 2
3680 35840 6640 36400 0 2
3680 35840 6640 36400 1 2
3700 44240 6620 44800 1 2
3700 44240 6620 44800 2 2
3680 44240 6640 44800 0 2
3680 44240 6640 44800 1 2
3700 45920 6620 46480 1 2
3700 45920 6620 46480 2 2
3680 45920 6640 46480 0 2
3680 45920 6640 46480 1 2
3700 54320 6620 54880 1 2
3700 54320 6620 54880 2 2
3680 54320 6640 54880 0 2
3680 54320 6640 54880 1 2
3700 56840 6620 57400 1 2
3700 56840 6620 57400 2 2
3680 56840 6640 57400 0 2
3680 56840 6640 57400 1 2
3700 57680 6620 58240 1 2
3700 57680 6620 58240 2 2
3680 57680 6640 58240 0 2
3680 57680 6640 58240 1 2
4220 8960 6100 9520 1 2
4220 8960 6100 9520 2 2
4200 8960 6120 9520 0 2
4200 8960 6120 9520 1 2
4220 15680 6100 16240 1 2
4220 15680 6100 16240 2 2
4200 15680 6120 16240 0 2
4200 15680 6120 16240 1 2
4220 44240 6100 44800 1 2
4220 44240 6100 44800 2 2
4200 44240 6120 44800 0 2
4200 44240 6120 44800 1 2
4240 8960 6080 9520 1 2
4240 8960 6080 9520 2 2
4220 8960 6100 9520 0 2
4220 8960 6100 9520 1 2
4240 15680 6080 16240 1 2
4240 15680 6080 16240 2 2
4220 15680 6100 16240 0 2
4220 15680 6100 16240 1 2
4240 24080 6080 24640 1 2
4240 24080 6080 24640 2 2
4220 24080 6100 24640 0 2
4220 24080 6100 24640 1 2
4240 44240 6080 44800 1 2
4240 44240 6080 44800 2 2
4220 44240 6100 44800 0 2
4220 44240 6100 44800 1 2
4240 45920 6080 46480 1 2
4240 45920 6080 46480 2 2
4220 45920 6100 46480 0 2
4220 45920 6100 46480 1 2
4880 23390 5440 25330 2 2
4880 23390 5440 25330 3 2
4880 23440 5440 25280 1 2
4880 23440 5440 25280 2 2
4880 23710 5440 46850 2 2
4880 23710 5440 46850 3 2
4880 23760 5440 46800 1 2
4880 23760 5440 46800 2 2
4880 45230 5440 47170 2 2
4880 45230 5440 47170 3 2
4880 45280 5440 47120 1 2
4880 45280 5440 47120 2 2
4910 8620 5410 9860 0 2
4910 8620 5410 9860 1 2
4910 8790 5410 16410 0 2
4910 8790 5410 16410 1 2
4910 15340 5410 16580 0 2
4910 15340 5410 16580 1 2
4910 15510 5410 44970 0 2
4910 15510 5410 44970 1 2
4910 43900 5410 45140 0 2
4910 43900 5410 45140 1 2
5080 560 8680 1120 1 2
5080 560 8680 1120 2 2
5060 560 8700 1120 0 2
5060 560 8700 1120 1 2
5080 8960 8680 9520 1 2
5080 8960 8680 9520 2 2
5060 8960 8700 9520 0 2
5060 8960 8700 9520 1 2
5080 13160 8680 13720 1 2
5080 13160 8680 13720 2 2
5060 13160 8700 13720 0 2
5060 13160 8700 13720 1 2
5080 15680 8680 16240 1 2
5080 15680 8680 16240 2 2
5060 15680 8700 16240 0 2
5060 15680 8700 16240 1 2
5080 24080 8680 24640 1 2
5080 24080 8680 24640 2 2
5060 24080 8700 24640 0 2
5060 24080 8700 24640 1 2
5080 28280 8680 28840 1 2
5080 28280 8680 28840 2 2
5060 28280 8700 28840 0 2
5060 28280 8700 28840 1 2
5080 31640 6960 32200 1 2
5080 31640 6960 32200 2 2
5060 31640 6980 32200 0 2
5060 31640 6980 32200 1 2
5080 35840 8680 36400 1 2
5080 35840 8680 36400 2 2
5060 35840 8700 36400 0 2
5060 35840 8700 36400 1 2
5080 44240 8680 44800 1 2
5080 44240 8680 44800 2 2
5060 44240 8700 44800 0 2
5060 44240 8700 44800 1 2
5080 45920 8680 46480 1 2
5080 45920 8680 46480 2 2
5060 45920 8700 46480 0 2
5060 45920 8700 46480 1 2
5080 54320 8680 54880 1 2
5080 54320 8680 54880 2 2
5060 54320 8700 54880 0 2
5060 54320 8700 54880 1 2
5080 57680 6960 58240 1 2
5080 57680 6960 58240 2 2
5060 57680 6980 58240 0 2
5060 57680 6980 58240 1 2
5080 58520 8680 59080 1 2
5080 58520 8680 59080 2 2
5060 58520 8700 59080 0 2
5060 58520 8700 59080 1 2
5100 31640 6940 32200 1 2
5100 31640 6940 32200 2 2
5080 31640 6960 32200 0 2
5080 31640 6960 32200 1 2
5100 56840 6940 57400 1 2
5100 56840 6940 57400 2 2
5080 56840 6960 57400 0 2
5080 56840 6960 57400 1 2
5100 58520 6940 59080 1 2
5100 58520 6940 59080 2 2
5080 58520 6960 59080 0 2
5080 58520 6960 59080 1 2
5740 56150 6300 58090 2 2
5740 56150 6300 58090 3 2
5740 56200 6300 58040 1 2
5740 56200 6300 58040 2 2
5740 56470 6300 59450 2 2
5740 56470 6300 59450 3 2
5740 56520 6300 59400 1 2
5740 56520 6300 59400 2 2
5740 57830 6300 59770 2 2
5740 57830 6300 59770 3 2
5740 57880 6300 59720 1 2
5740 57880 6300 59720 2 2
5770 31300 6270 32540 0 2
5770 31300 6270 32540 1 2
5770 31470 6270 58410 0 2
5770 31470 6270 58410 1 2
5770 57340 6270 58580 0 2
5770 57340 6270 58580 1 2
5940 1400 9540 1960 1 2
5940 1400 9540 1960 2 2
5920 1400 9560 1960 0 2
5920 1400 9560 1960 1 2
5940 16520 9540 17080 1 2
5940 16520 9540 17080 2 2
5920 16520 9560 17080 0 2
5920 16520 9560 17080 1 2
5960 1400 7800 1960 1 2
5960 1400 7800 1960 2 2
5940 1400 7820 1960 0 2
5940 1400 7820 1960 1 2
5960 13160 7800 13720 1 2
5960 13160 7800 13720 2 2
5940 13160 7820 13720 0 2
5940 13160 7820 13720 1 2
5960 16520 7800 17080 1 2
5960 16520 7800 17080 2 2
5940 16520 7820 17080 0 2
5940 16520 7820 17080 1 2
5960 28280 7800 28840 1 2
5960 28280 7800 28840 2 2
5940 28280 7820 28840 0 2
5940 28280 7820 28840 1 2
5960 31640 7800 32200 1 2
5960 31640 7800 32200 2 2
5940 31640 7820 32200 0 2
5940 31640 7820 32200 1 2
6600 710 7160 2650 2 2
6600 710 7160 2650 3 2
6600 760 7160 2600 1 2
6600 760 7160 2600 2 2
6600 1030 7160 14090 2 2
6600 1030 7160 14090 3 2
6600 1080 7160 14040 1 2
6600 1080 7160 14040 2 2
6600 12470 7160 14410 2 2
6600 12470 7160 14410 3 2
6600 12520 7160 14360 1 2
6600 12520 7160 14360 2 2
6600 12790 7160 17450 2 2
6600 12790 7160 17450 3 2
6600 12840 7160 17400 1 2
6600 12840 7160 17400 2 2
6600 15830 7160 17770 2 2
6600 15830 7160 17770 3 2
6600 15880 7160 17720 1 2
6600 15880 7160 17720 2 2
6600 16150 7160 29210 2 2
6600 16150 7160 29210 3 2
6600 16200 7160 29160 1 2
6600 16200 7160 29160 2 2
6600 27590 7160 29530 2 2
6600 27590 7160 29530 3 2
6600 27640 7160 29480 1 2
6600 27640 7160 29480 2 2
6600 27910 7160 32570 2 2
6600 27910 7160 32570 3 2
6600 27960 7160 32520 1 2
6600 27960 7160 32520 2 2
6600 30950 7160 32890 2 2
6600 30950 7160 32890 3 2
6600 31000 7160 32840 1 2
6600 31000 7160 32840 2 2
6630 220 7130 8180 0 2
6630 220 7130 8180 1 2
6630 15340 7130 23300 0 2
6630 15340 7130 23300 1 2
6630 37180 7130 45140 0 2
6630 37180 7130 45140 1 2
6630 45580 7130 53540 0 2
6630 45580 7130 53540 1 2
7490 220 7990 8180 0 2
7490 220 7990 8180 1 2
7490 7780 7990 10700 0 2
7490 7780 7990 10700 1 2
7490 11980 7990 14900 0 2
7490 11980 7990 14900 1 2
7490 15340 7990 23300 0 2
7490 15340 7990 23300 1 2
7490 22900 7990 25820 0 2
7490 22900 7990 25820 1 2
7490 27100 7990 30020 0 2
7490 27100 7990 30020 1 2
7490 30460 7990 33380 0 2
7490 30460 7990 33380 1 2
7490 34660 7990 37580 0 2
7490 34660 7990 37580 1 2
7490 37180 7990 45140 0 2
7490 37180 7990 45140 1 2
7490 45580 7990 53540 0 2
7490 45580 7990 53540 1 2
7490 53140 7990 56060 0 2
7490 53140 7990 56060 1 2
7490 57340 7990 60260 0 2
7490 57340 7990 60260 1 2
8350 220 8850 8180 0 2
8350 220 8850 8180 1 2
8350 15340 8850 23300 0 2
8350 15340 8850 23300 1 2
8350 37180 8850 45140 0 2
8350 37180 8850 45140 1 2
8350 45580 8850 53540 0 2
8350 45580 8850 53540 1 2
